1.00 0.10
1.00 0.10
1.00 0.10
1.00 0.10
1.00 0.10
1.00 0.10
1.00 0.10
1.00 0.10
1.00 0.10
1.00 0.10
1.00 0.10
1.01 9.90
1.01 9.90
1.01 9.90
1.01 9.90
1.01 9.90
1.01 9.90
1.01 9.90
1.01 9.90
1.01 9.90
1.01 9.90
1.01 9.90
1.02 19.61
1.02 19.61
1.02 19.61
1.02 19.61
1.02 19.61
1.02 19.61
1.02 19.61
1.02 19.61
1.02 19.61
1.02 19.61
1.02 19.61
1.03 29.13
1.03 29.13
1.03 29.13
1.03 29.13
1.03 29.13
1.03 29.13
1.03 29.13
1.03 29.13
1.03 29.13
1.03 29.13
1.03 29.13
1.04 38.46
1.04 38.46
1.04 38.46
1.04 38.46
1.04 38.46
1.04 38.46
1.04 38.46
1.04 38.46
1.04 38.46
1.04 38.46
1.04 38.46
1.05 47.62
1.05 47.62
1.05 47.62
1.05 47.62
1.05 47.62
1.05 47.62
1.05 47.62
1.05 47.62
1.05 47.62
1.05 47.62
1.05 47.62
1.06 56.60
1.06 56.60
1.06 56.60
1.06 56.60
1.06 56.60
1.06 56.60
1.06 56.60
1.06 56.60
1.06 56.60
1.06 56.60
1.06 56.60
1.07 65.42
1.07 65.42
1.07 65.42
1.07 65.42
1.07 65.42
1.07 65.42
1.07 65.42
1.07 65.42
1.07 65.42
1.07 65.42
1.07 65.42
1.08 74.07
1.08 74.07
1.08 74.07
1.08 74.07
1.08 74.07
1.08 74.07
1.08 74.07
1.08 74.07
1.08 74.07
1.08 74.07
1.08 74.07
1.09 82.57
1.09 82.57
1.09 82.57
1.09 82.57
1.09 82.57
1.09 82.57
1.09 82.57
1.09 82.57
1.09 82.57
1.09 82.57
1.09 82.57
1.10 90.91
1.10 90.91
1.10 90.91
1.10 90.91
1.10 90.91
1.10 90.91
1.10 90.91
1.10 90.91
1.10 90.91
1.10 90.91
1.10 90.91
1.11 99.10
1.11 99.10
1.11 99.10
1.11 99.10
1.11 99.10
1.11 99.10
1.11 99.10
1.11 99.10
1.11 99.10
1.11 99.10
1.11 99.10
1.12 107.14
1.12 107.14
1.12 107.14
1.12 107.14
1.12 107.14
1.12 107.14
1.12 107.14
1.12 107.14
1.12 107.14
1.12 107.14
1.12 107.14
1.13 115.04
1.13 115.04
1.13 115.04
1.13 115.04
1.13 115.04
1.13 115.04
1.13 115.04
1.13 115.04
1.13 115.04
1.13 115.04
1.13 115.04
1.14 122.81
1.14 122.81
1.14 122.81
1.14 122.81
1.14 122.81
1.14 122.81
1.14 122.81
1.14 122.81
1.14 122.81
1.14 122.81
1.14 122.81
1.15 130.43
1.15 130.43
1.15 130.43
1.15 130.43
1.15 130.43
1.15 130.43
1.15 130.43
1.15 130.43
1.15 130.43
1.15 130.43
1.15 130.43
1.16 137.93
1.16 137.93
1.16 137.93
1.16 137.93
1.16 137.93
1.16 137.93
1.16 137.93
1.16 137.93
1.16 137.93
1.16 137.93
1.16 137.93
1.17 145.30
1.17 145.30
1.17 145.30
1.17 145.30
1.17 145.30
1.17 145.30
1.17 145.30
1.17 145.30
1.17 145.30
1.17 145.30
1.17 145.30
1.18 152.54
1.18 152.54
1.18 152.54
1.18 152.54
1.18 152.54
1.18 152.54
1.18 152.54
1.18 152.54
1.18 152.54
1.18 152.54
1.18 152.54
1.19 159.66
1.19 159.66
1.19 159.66
1.19 159.66
1.19 159.66
1.19 159.66
1.19 159.66
1.19 159.66
1.19 159.66
1.19 159.66
1.19 159.66
1.20 166.67
1.20 166.67
1.20 166.67
1.20 166.67
1.20 166.67
1.20 166.67
1.20 166.67
1.20 166.67
1.20 166.67
1.20 166.67
1.20 166.67
1.21 173.55
1.21 173.55
1.21 173.55
1.21 173.55
1.21 173.55
1.21 173.55
1.21 173.55
1.21 173.55
1.21 173.55
1.21 173.55
1.21 173.55
1.22 180.33
1.22 180.33
1.22 180.33
1.22 180.33
1.22 180.33
1.22 180.33
1.22 180.33
1.22 180.33
1.22 180.33
1.22 180.33
1.22 180.33
1.23 186.99
1.23 186.99
1.23 186.99
1.23 186.99
1.23 186.99
1.23 186.99
1.23 186.99
1.23 186.99
1.23 186.99
1.23 186.99
1.23 186.99
1.24 193.55
1.24 193.55
1.24 193.55
1.24 193.55
1.24 193.55
1.24 193.55
1.24 193.55
1.24 193.55
1.24 193.55
1.24 193.55
1.24 193.55
1.25 200.00
1.25 200.00
1.25 200.00
1.25 200.00
1.25 200.00
1.25 200.00
1.25 200.00
1.25 200.00
1.25 200.00
1.25 200.00
1.25 200.00
1.26 206.35
1.26 206.35
1.26 206.35
1.26 206.35
1.26 206.35
1.26 206.35
1.26 206.35
1.26 206.35
1.26 206.35
1.26 206.35
1.26 206.35
1.27 212.60
1.27 212.60
1.27 212.60
1.27 212.60
1.27 212.60
1.27 212.60
1.27 212.60
1.27 212.60
1.27 212.60
1.27 212.60
1.27 212.60
1.28 218.75
1.28 218.75
1.28 218.75
1.28 218.75
1.28 218.75
1.28 218.75
1.28 218.75
1.28 218.75
1.28 218.75
1.28 218.75
1.28 218.75
1.29 224.81
1.29 224.81
1.29 224.81
1.29 224.81
1.29 224.81
1.29 224.81
1.29 224.81
1.29 224.81
1.29 224.81
1.29 224.81
1.29 224.81
1.30 230.77
1.30 230.77
1.30 230.77
1.30 230.77
1.30 230.77
1.30 230.77
1.30 230.77
1.30 230.77
1.30 230.77
1.30 230.77
1.30 230.77
1.31 236.64
1.31 236.64
1.31 236.64
1.31 236.64
1.31 236.64
1.31 236.64
1.31 236.64
1.31 236.64
1.31 236.64
1.31 236.64
1.31 236.64
1.32 242.42
1.32 242.42
1.32 242.42
1.32 242.42
1.32 242.42
1.32 242.42
1.32 242.42
1.32 242.42
1.32 242.42
1.32 242.42
1.32 242.42
1.33 248.12
1.33 248.12
1.33 248.12
1.33 248.12
1.33 248.12
1.33 248.12
1.33 248.12
1.33 248.12
1.33 248.12
1.33 248.12
1.33 248.12
1.34 253.73
1.34 253.73
1.34 253.73
1.34 253.73
1.34 253.73
1.34 253.73
1.34 253.73
1.34 253.73
1.34 253.73
1.34 253.73
1.34 253.73
1.35 259.26
1.35 259.26
1.35 259.26
1.35 259.26
1.35 259.26
1.35 259.26
1.35 259.26
1.35 259.26
1.35 259.26
1.35 259.26
1.35 259.26
1.36 264.71
1.36 264.71
1.36 264.71
1.36 264.71
1.36 264.71
1.36 264.71
1.36 264.71
1.36 264.71
1.36 264.71
1.36 264.71
1.36 264.71
1.37 270.07
1.37 270.07
1.37 270.07
1.37 270.07
1.37 270.07
1.37 270.07
1.37 270.07
1.37 270.07
1.37 270.07
1.37 270.07
1.37 270.07
1.38 275.36
1.38 275.36
1.38 275.36
1.38 275.36
1.38 275.36
1.38 275.36
1.38 275.36
1.38 275.36
1.38 275.36
1.38 275.36
1.38 275.36
1.39 280.58
1.39 280.58
1.39 280.58
1.39 280.58
1.39 280.58
1.39 280.58
1.39 280.58
1.39 280.58
1.39 280.58
1.39 280.58
1.39 280.58
1.40 285.71
1.40 285.71
1.40 285.71
1.40 285.71
1.40 285.71
1.40 285.71
1.40 285.71
1.40 285.71
1.40 285.71
1.40 285.71
1.40 285.71
1.41 290.78
1.41 290.78
1.41 290.78
1.41 290.78
1.41 290.78
1.41 290.78
1.41 290.78
1.41 290.78
1.41 290.78
1.41 290.78
1.41 290.78
1.42 295.77
1.42 295.77
1.42 295.77
1.42 295.77
1.42 295.77
1.42 295.77
1.42 295.77
1.42 295.77
1.42 295.77
1.42 295.77
1.42 295.77
1.43 300.70
1.43 300.70
1.43 300.70
1.43 300.70
1.43 300.70
1.43 300.70
1.43 300.70
1.43 300.70
1.43 300.70
1.43 300.70
1.43 300.70
1.44 305.56
1.44 305.56
1.44 305.56
1.44 305.56
1.44 305.56
1.44 305.56
1.44 305.56
1.44 305.56
1.44 305.56
1.44 305.56
1.44 305.56
1.45 310.34
1.45 310.34
1.45 310.34
1.45 310.34
1.45 310.34
1.45 310.34
1.45 310.34
1.45 310.34
1.45 310.34
1.45 310.34
1.45 310.34
1.46 315.07
1.46 315.07
1.46 315.07
1.46 315.07
1.46 315.07
1.46 315.07
1.46 315.07
1.46 315.07
1.46 315.07
1.46 315.07
1.46 315.07
1.47 319.73
1.47 319.73
1.47 319.73
1.47 319.73
1.47 319.73
1.47 319.73
1.47 319.73
1.47 319.73
1.47 319.73
1.47 319.73
1.47 319.73
1.48 324.32
1.48 324.32
1.48 324.32
1.48 324.32
1.48 324.32
1.48 324.32
1.48 324.32
1.48 324.32
1.48 324.32
1.48 324.32
1.48 324.32
1.49 328.86
1.49 328.86
1.49 328.86
1.49 328.86
1.49 328.86
1.49 328.86
1.49 328.86
1.49 328.86
1.49 328.86
1.49 328.86
1.49 328.86
1.50 333.33
1.50 333.33
1.50 333.33
1.50 333.33
1.50 333.33
1.50 333.33
1.50 333.33
1.50 333.33
1.50 333.33
1.50 333.33
1.50 333.33
1.51 337.75
1.51 337.75
1.51 337.75
1.51 337.75
1.51 337.75
1.51 337.75
1.51 337.75
1.51 337.75
1.51 337.75
1.51 337.75
1.51 337.75
1.52 342.11
1.52 342.11
1.52 342.11
1.52 342.11
1.52 342.11
1.52 342.11
1.52 342.11
1.52 342.11
1.52 342.11
1.52 342.11
1.52 342.11
1.53 346.41
1.53 346.41
1.53 346.41
1.53 346.41
1.53 346.41
1.53 346.41
1.53 346.41
1.53 346.41
1.53 346.41
1.53 346.41
1.53 346.41
1.54 350.65
1.54 350.65
1.54 350.65
1.54 350.65
1.54 350.65
1.54 350.65
1.54 350.65
1.54 350.65
1.54 350.65
1.54 350.65
1.54 350.65
1.55 354.84
1.55 354.84
1.55 354.84
1.55 354.84
1.55 354.84
1.55 354.84
1.55 354.84
1.55 354.84
1.55 354.84
1.55 354.84
1.55 354.84
1.56 358.97
1.56 358.97
1.56 358.97
1.56 358.97
1.56 358.97
1.56 358.97
1.56 358.97
1.56 358.97
1.56 358.97
1.56 358.97
1.56 358.97
1.57 363.06
1.57 363.06
1.57 363.06
1.57 363.06
1.57 363.06
1.57 363.06
1.57 363.06
1.57 363.06
1.57 363.06
1.57 363.06
1.57 363.06
1.58 367.09
1.58 367.09
1.58 367.09
1.58 367.09
1.58 367.09
1.58 367.09
1.58 367.09
1.58 367.09
1.58 367.09
1.58 367.09
1.58 367.09
1.59 371.07
1.59 371.07
1.59 371.07
1.59 371.07
1.59 371.07
1.59 371.07
1.59 371.07
1.59 371.07
1.59 371.07
1.59 371.07
1.59 371.07
1.60 375.00
1.60 375.00
1.60 375.00
1.60 375.00
1.60 375.00
1.60 375.00
1.60 375.00
1.60 375.00
1.60 375.00
1.60 375.00
1.60 375.00
1.61 378.88
1.61 378.88
1.61 378.88
1.61 378.88
1.61 378.88
1.61 378.88
1.61 378.88
1.61 378.88
1.61 378.88
1.61 378.88
1.61 378.88
1.62 382.72
1.62 382.72
1.62 382.72
1.62 382.72
1.62 382.72
1.62 382.72
1.62 382.72
1.62 382.72
1.62 382.72
1.62 382.72
1.62 382.72
1.63 386.50
1.63 386.50
1.63 386.50
1.63 386.50
1.63 386.50
1.63 386.50
1.63 386.50
1.63 386.50
1.63 386.50
1.63 386.50
1.63 386.50
1.64 390.24
1.64 390.24
1.64 390.24
1.64 390.24
1.64 390.24
1.64 390.24
1.64 390.24
1.64 390.24
1.64 390.24
1.64 390.24
1.64 390.24
1.65 393.94
1.65 393.94
1.65 393.94
1.65 393.94
1.65 393.94
1.65 393.94
1.65 393.94
1.65 393.94
1.65 393.94
1.65 393.94
1.65 393.94
1.66 397.59
1.66 397.59
1.66 397.59
1.66 397.59
1.66 397.59
1.66 397.59
1.66 397.59
1.66 397.59
1.66 397.59
1.66 397.59
1.66 397.59
1.67 401.20
1.67 401.20
1.67 401.20
1.67 401.20
1.67 401.20
1.67 401.20
1.67 401.20
1.67 401.20
1.67 401.20
1.67 401.20
1.67 401.20
1.68 404.76
1.68 404.76
1.68 404.76
1.68 404.76
1.68 404.76
1.68 404.76
1.68 404.76
1.68 404.76
1.68 404.76
1.68 404.76
1.68 404.76
1.69 408.28
1.69 408.28
1.69 408.28
1.69 408.28
1.69 408.28
1.69 408.28
1.69 408.28
1.69 408.28
1.69 408.28
1.69 408.28
1.69 408.28
1.70 411.76
1.70 411.76
1.70 411.76
1.70 411.76
1.70 411.76
1.70 411.76
1.70 411.76
1.70 411.76
1.70 411.76
1.70 411.76
1.70 411.76
1.71 415.20
1.71 415.20
1.71 415.20
1.71 415.20
1.71 415.20
1.71 415.20
1.71 415.20
1.71 415.20
1.71 415.20
1.71 415.20
1.71 415.20
1.72 418.60
1.72 418.60
1.72 418.60
1.72 418.60
1.72 418.60
1.72 418.60
1.72 418.60
1.72 418.60
1.72 418.60
1.72 418.60
1.72 418.60
1.73 421.97
1.73 421.97
1.73 421.97
1.73 421.97
1.73 421.97
1.73 421.97
1.73 421.97
1.73 421.97
1.73 421.97
1.73 421.97
1.73 421.97
1.74 425.29
1.74 425.29
1.74 425.29
1.74 425.29
1.74 425.29
1.74 425.29
1.74 425.29
1.74 425.29
1.74 425.29
1.74 425.29
1.74 425.29
1.75 428.57
1.75 428.57
1.75 428.57
1.75 428.57
1.75 428.57
1.75 428.57
1.75 428.57
1.75 428.57
1.75 428.57
1.75 428.57
1.75 428.57
1.76 431.82
1.76 431.82
1.76 431.82
1.76 431.82
1.76 431.82
1.76 431.82
1.76 431.82
1.76 431.82
1.76 431.82
1.76 431.82
1.76 431.82
1.77 435.03
1.77 435.03
1.77 435.03
1.77 435.03
1.77 435.03
1.77 435.03
1.77 435.03
1.77 435.03
1.77 435.03
1.77 435.03
1.77 435.03
1.78 438.20
1.78 438.20
1.78 438.20
1.78 438.20
1.78 438.20
1.78 438.20
1.78 438.20
1.78 438.20
1.78 438.20
1.78 438.20
1.78 438.20
1.79 441.34
1.79 441.34
1.79 441.34
1.79 441.34
1.79 441.34
1.79 441.34
1.79 441.34
1.79 441.34
1.79 441.34
1.79 441.34
1.79 441.34
1.80 444.44
1.80 444.44
1.80 444.44
1.80 444.44
1.80 444.44
1.80 444.44
1.80 444.44
1.80 444.44
1.80 444.44
1.80 444.44
1.80 444.44
1.81 447.51
1.81 447.51
1.81 447.51
1.81 447.51
1.81 447.51
1.81 447.51
1.81 447.51
1.81 447.51
1.81 447.51
1.81 447.51
1.81 447.51
1.82 450.55
1.82 450.55
1.82 450.55
1.82 450.55
1.82 450.55
1.82 450.55
1.82 450.55
1.82 450.55
1.82 450.55
1.82 450.55
1.82 450.55
1.83 453.55
1.83 453.55
1.83 453.55
1.83 453.55
1.83 453.55
1.83 453.55
1.83 453.55
1.83 453.55
1.83 453.55
1.83 453.55
1.83 453.55
1.84 456.52
1.84 456.52
1.84 456.52
1.84 456.52
1.84 456.52
1.84 456.52
1.84 456.52
1.84 456.52
1.84 456.52
1.84 456.52
1.84 456.52
1.85 459.46
1.85 459.46
1.85 459.46
1.85 459.46
1.85 459.46
1.85 459.46
1.85 459.46
1.85 459.46
1.85 459.46
1.85 459.46
1.85 459.46
1.86 462.37
1.86 462.37
1.86 462.37
1.86 462.37
1.86 462.37
1.86 462.37
1.86 462.37
1.86 462.37
1.86 462.37
1.86 462.37
1.86 462.37
1.87 465.24
1.87 465.24
1.87 465.24
1.87 465.24
1.87 465.24
1.87 465.24
1.87 465.24
1.87 465.24
1.87 465.24
1.87 465.24
1.87 465.24
1.88 468.09
1.88 468.09
1.88 468.09
1.88 468.09
1.88 468.09
1.88 468.09
1.88 468.09
1.88 468.09
1.88 468.09
1.88 468.09
1.88 468.09
1.89 470.90
1.89 470.90
1.89 470.90
1.89 470.90
1.89 470.90
1.89 470.90
1.89 470.90
1.89 470.90
1.89 470.90
1.89 470.90
1.89 470.90
1.90 473.68
1.90 473.68
1.90 473.68
1.90 473.68
1.90 473.68
1.90 473.68
1.90 473.68
1.90 473.68
1.90 473.68
1.90 473.68
1.90 473.68
1.91 476.44
1.91 476.44
1.91 476.44
1.91 476.44
1.91 476.44
1.91 476.44
1.91 476.44
1.91 476.44
1.91 476.44
1.91 476.44
1.91 476.44
1.92 479.17
1.92 479.17
1.92 479.17
1.92 479.17
1.92 479.17
1.92 479.17
1.92 479.17
1.92 479.17
1.92 479.17
1.92 479.17
1.92 479.17
1.93 481.87
1.93 481.87
1.93 481.87
1.93 481.87
1.93 481.87
1.93 481.87
1.93 481.87
1.93 481.87
1.93 481.87
1.93 481.87
1.93 481.87
1.94 484.54
1.94 484.54
1.94 484.54
1.94 484.54
1.94 484.54
1.94 484.54
1.94 484.54
1.94 484.54
1.94 484.54
1.94 484.54
1.94 484.54
1.95 487.18
1.95 487.18
1.95 487.18
1.95 487.18
1.95 487.18
1.95 487.18
1.95 487.18
1.95 487.18
1.95 487.18
1.95 487.18
1.95 487.18
1.96 489.80
1.96 489.80
1.96 489.80
1.96 489.80
1.96 489.80
1.96 489.80
1.96 489.80
1.96 489.80
1.96 489.80
1.96 489.80
1.96 489.80
1.97 492.39
1.97 492.39
1.97 492.39
1.97 492.39
1.97 492.39
1.97 492.39
1.97 492.39
1.97 492.39
1.97 492.39
1.97 492.39
1.97 492.39
1.98 494.95
1.98 494.95
1.98 494.95
1.98 494.95
1.98 494.95
1.98 494.95
1.98 494.95
1.98 494.95
1.98 494.95
1.98 494.95
1.98 494.95
1.99 497.49
1.99 497.49
1.99 497.49
1.99 497.49
1.99 497.49
1.99 497.49
1.99 497.49
1.99 497.49
1.99 497.49
1.99 497.49
1.99 497.49
2.00 500.00
2.00 500.00
2.00 500.00
2.00 500.00
2.00 500.00
2.00 500.00
2.00 500.00
2.00 500.00
2.00 500.00
2.00 500.00
2.00 500.00
2.01 502.49
2.01 502.49
2.01 502.49
2.01 502.49
2.01 502.49
2.01 502.49
2.01 502.49
2.01 502.49
2.01 502.49
2.01 502.49
2.01 502.49
2.02 504.95
2.02 504.95
2.02 504.95
2.02 504.95
2.02 504.95
2.02 504.95
2.02 504.95
2.02 504.95
2.02 504.95
2.02 504.95
2.02 504.95
2.03 507.39
2.03 507.39
2.03 507.39
2.03 507.39
2.03 507.39
2.03 507.39
2.03 507.39
2.03 507.39
2.03 507.39
2.03 507.39
2.03 507.39
2.04 509.80
2.04 509.80
2.04 509.80
2.04 509.80
2.04 509.80
2.04 509.80
2.04 509.80
2.04 509.80
2.04 509.80
2.04 509.80
2.04 509.80
2.05 512.20
2.05 512.20
2.05 512.20
2.05 512.20
2.05 512.20
2.05 512.20
2.05 512.20
2.05 512.20
2.05 512.20
2.05 512.20
2.05 512.20
2.06 514.56
2.06 514.56
2.06 514.56
2.06 514.56
2.06 514.56
2.06 514.56
2.06 514.56
2.06 514.56
2.06 514.56
2.06 514.56
2.06 514.56
2.07 516.91
2.07 516.91
2.07 516.91
2.07 516.91
2.07 516.91
2.07 516.91
2.07 516.91
2.07 516.91
2.07 516.91
2.07 516.91
2.07 516.91
2.08 519.23
2.08 519.23
2.08 519.23
2.08 519.23
2.08 519.23
2.08 519.23
2.08 519.23
2.08 519.23
2.08 519.23
2.08 519.23
2.08 519.23
2.09 521.53
2.09 521.53
2.09 521.53
2.09 521.53
2.09 521.53
2.09 521.53
2.09 521.53
2.09 521.53
2.09 521.53
2.09 521.53
2.09 521.53
2.10 523.81
2.10 523.81
2.10 523.81
2.10 523.81
2.10 523.81
2.10 523.81
2.10 523.81
2.10 523.81
2.10 523.81
2.10 523.81
2.10 523.81
2.11 526.07
2.11 526.07
2.11 526.07
2.11 526.07
2.11 526.07
2.11 526.07
2.11 526.07
2.11 526.07
2.11 526.07
2.11 526.07
2.11 526.07
2.12 528.30
2.12 528.30
2.12 528.30
2.12 528.30
2.12 528.30
2.12 528.30
2.12 528.30
2.12 528.30
2.12 528.30
2.12 528.30
2.12 528.30
2.13 530.52
2.13 530.52
2.13 530.52
2.13 530.52
2.13 530.52
2.13 530.52
2.13 530.52
2.13 530.52
2.13 530.52
2.13 530.52
2.13 530.52
2.14 532.71
2.14 532.71
2.14 532.71
2.14 532.71
2.14 532.71
2.14 532.71
2.14 532.71
2.14 532.71
2.14 532.71
2.14 532.71
2.14 532.71
2.15 534.88
2.15 534.88
2.15 534.88
2.15 534.88
2.15 534.88
2.15 534.88
2.15 534.88
2.15 534.88
2.15 534.88
2.15 534.88
2.15 534.88
2.16 537.04
2.16 537.04
2.16 537.04
2.16 537.04
2.16 537.04
2.16 537.04
2.16 537.04
2.16 537.04
2.16 537.04
2.16 537.04
2.16 537.04
2.17 539.17
2.17 539.17
2.17 539.17
2.17 539.17
2.17 539.17
2.17 539.17
2.17 539.17
2.17 539.17
2.17 539.17
2.17 539.17
2.17 539.17
2.18 541.28
2.18 541.28
2.18 541.28
2.18 541.28
2.18 541.28
2.18 541.28
2.18 541.28
2.18 541.28
2.18 541.28
2.18 541.28
2.18 541.28
2.19 543.38
2.19 543.38
2.19 543.38
2.19 543.38
2.19 543.38
2.19 543.38
2.19 543.38
2.19 543.38
2.19 543.38
2.19 543.38
2.19 543.38
2.20 545.45
2.20 545.45
2.20 545.45
2.20 545.45
2.20 545.45
2.20 545.45
2.20 545.45
2.20 545.45
2.20 545.45
2.20 545.45
2.20 545.45
2.21 547.51
2.21 547.51
2.21 547.51
2.21 547.51
2.21 547.51
2.21 547.51
2.21 547.51
2.21 547.51
2.21 547.51
2.21 547.51
2.21 547.51
2.22 549.55
2.22 549.55
2.22 549.55
2.22 549.55
2.22 549.55
2.22 549.55
2.22 549.55
2.22 549.55
2.22 549.55
2.22 549.55
2.22 549.55
2.23 551.57
2.23 551.57
2.23 551.57
2.23 551.57
2.23 551.57
2.23 551.57
2.23 551.57
2.23 551.57
2.23 551.57
2.23 551.57
2.23 551.57
2.24 553.57
2.24 553.57
2.24 553.57
2.24 553.57
2.24 553.57
2.24 553.57
2.24 553.57
2.24 553.57
2.24 553.57
2.24 553.57
2.24 553.57
2.25 555.56
2.25 555.56
2.25 555.56
2.25 555.56
2.25 555.56
2.25 555.56
2.25 555.56
2.25 555.56
2.25 555.56
2.25 555.56
2.25 555.56
2.26 557.52
2.26 557.52
2.26 557.52
2.26 557.52
2.26 557.52
2.26 557.52
2.26 557.52
2.26 557.52
2.26 557.52
2.26 557.52
2.26 557.52
2.27 559.47
2.27 559.47
2.27 559.47
2.27 559.47
2.27 559.47
2.27 559.47
2.27 559.47
2.27 559.47
2.27 559.47
2.27 559.47
2.27 559.47
2.28 561.40
2.28 561.40
2.28 561.40
2.28 561.40
2.28 561.40
2.28 561.40
2.28 561.40
2.28 561.40
2.28 561.40
2.28 561.40
2.28 561.40
2.29 563.32
2.29 563.32
2.29 563.32
2.29 563.32
2.29 563.32
2.29 563.32
2.29 563.32
2.29 563.32
2.29 563.32
2.29 563.32
2.29 563.32
2.30 565.22
2.30 565.22
2.30 565.22
2.30 565.22
2.30 565.22
2.30 565.22
2.30 565.22
2.30 565.22
2.30 565.22
2.30 565.22
2.30 565.22
2.31 567.10
2.31 567.10
2.31 567.10
2.31 567.10
2.31 567.10
2.31 567.10
2.31 567.10
2.31 567.10
2.31 567.10
2.31 567.10
2.31 567.10
2.32 568.97
2.32 568.97
2.32 568.97
2.32 568.97
2.32 568.97
2.32 568.97
2.32 568.97
2.32 568.97
2.32 568.97
2.32 568.97
2.32 568.97
2.33 570.82
2.33 570.82
2.33 570.82
2.33 570.82
2.33 570.82
2.33 570.82
2.33 570.82
2.33 570.82
2.33 570.82
2.33 570.82
2.33 570.82
2.34 572.65
2.34 572.65
2.34 572.65
2.34 572.65
2.34 572.65
2.34 572.65
2.34 572.65
2.34 572.65
2.34 572.65
2.34 572.65
2.34 572.65
2.35 574.47
2.35 574.47
2.35 574.47
2.35 574.47
2.35 574.47
2.35 574.47
2.35 574.47
2.35 574.47
2.35 574.47
2.35 574.47
2.35 574.47
2.36 576.27
2.36 576.27
2.36 576.27
2.36 576.27
2.36 576.27
2.36 576.27
2.36 576.27
2.36 576.27
2.36 576.27
2.36 576.27
2.36 576.27
2.37 578.06
2.37 578.06
2.37 578.06
2.37 578.06
2.37 578.06
2.37 578.06
2.37 578.06
2.37 578.06
2.37 578.06
2.37 578.06
2.37 578.06
2.38 579.83
2.38 579.83
2.38 579.83
2.38 579.83
2.38 579.83
2.38 579.83
2.38 579.83
2.38 579.83
2.38 579.83
2.38 579.83
2.38 579.83
2.39 581.59
2.39 581.59
2.39 581.59
2.39 581.59
2.39 581.59
2.39 581.59
2.39 581.59
2.39 581.59
2.39 581.59
2.39 581.59
2.39 581.59
2.40 583.33
2.40 583.33
2.40 583.33
2.40 583.33
2.40 583.33
2.40 583.33
2.40 583.33
2.40 583.33
2.40 583.33
2.40 583.33
2.40 583.33
2.41 585.06
2.41 585.06
2.41 585.06
2.41 585.06
2.41 585.06
2.41 585.06
2.41 585.06
2.41 585.06
2.41 585.06
2.41 585.06
2.41 585.06
2.42 586.78
2.42 586.78
2.42 586.78
2.42 586.78
2.42 586.78
2.42 586.78
2.42 586.78
2.42 586.78
2.42 586.78
2.42 586.78
2.42 586.78
2.43 588.48
2.43 588.48
2.43 588.48
2.43 588.48
2.43 588.48
2.43 588.48
2.43 588.48
2.43 588.48
2.43 588.48
2.43 588.48
2.43 588.48
2.44 590.16
2.44 590.16
2.44 590.16
2.44 590.16
2.44 590.16
2.44 590.16
2.44 590.16
2.44 590.16
2.44 590.16
2.44 590.16
2.44 590.16
2.45 591.84
2.45 591.84
2.45 591.84
2.45 591.84
2.45 591.84
2.45 591.84
2.45 591.84
2.45 591.84
2.45 591.84
2.45 591.84
2.45 591.84
2.46 593.50
2.46 593.50
2.46 593.50
2.46 593.50
2.46 593.50
2.46 593.50
2.46 593.50
2.46 593.50
2.46 593.50
2.46 593.50
2.46 593.50
2.47 595.14
2.47 595.14
2.47 595.14
2.47 595.14
2.47 595.14
2.47 595.14
2.47 595.14
2.47 595.14
2.47 595.14
2.47 595.14
2.47 595.14
2.48 596.77
2.48 596.77
2.48 596.77
2.48 596.77
2.48 596.77
2.48 596.77
2.48 596.77
2.48 596.77
2.48 596.77
2.48 596.77
2.48 596.77
2.49 598.39
2.49 598.39
2.49 598.39
2.49 598.39
2.49 598.39
2.49 598.39
2.49 598.39
2.49 598.39
2.49 598.39
2.49 598.39
2.49 598.39
2.50 600.00
2.50 600.00
2.50 600.00
2.50 600.00
2.50 600.00
2.50 600.00
2.50 600.00
2.50 600.00
2.50 600.00
2.50 600.00
2.50 600.00
2.51 601.59
2.51 601.59
2.51 601.59
2.51 601.59
2.51 601.59
2.51 601.59
2.51 601.59
2.51 601.59
2.51 601.59
2.51 601.59
2.51 601.59
2.52 603.17
2.52 603.17
2.52 603.17
2.52 603.17
2.52 603.17
2.52 603.17
2.52 603.17
2.52 603.17
2.52 603.17
2.52 603.17
2.52 603.17
2.53 604.74
2.53 604.74
2.53 604.74
2.53 604.74
2.53 604.74
2.53 604.74
2.53 604.74
2.53 604.74
2.53 604.74
2.53 604.74
2.53 604.74
2.54 606.30
2.54 606.30
2.54 606.30
2.54 606.30
2.54 606.30
2.54 606.30
2.54 606.30
2.54 606.30
2.54 606.30
2.54 606.30
2.54 606.30
2.55 607.84
2.55 607.84
2.55 607.84
2.55 607.84
2.55 607.84
2.55 607.84
2.55 607.84
2.55 607.84
2.55 607.84
2.55 607.84
2.55 607.84
2.56 609.37
2.56 609.38
2.56 609.37
2.56 609.38
2.56 609.37
2.56 609.38
2.56 609.37
2.56 609.38
2.56 609.37
2.56 609.38
2.56 609.37
2.57 610.89
2.57 610.89
2.57 610.89
2.57 610.89
2.57 610.89
2.57 610.89
2.57 610.89
2.57 610.89
2.57 610.89
2.57 610.89
2.57 610.89
2.58 612.40
2.58 612.40
2.58 612.40
2.58 612.40
2.58 612.40
2.58 612.40
2.58 612.40
2.58 612.40
2.58 612.40
2.58 612.40
2.58 612.40
2.59 613.90
2.59 613.90
2.59 613.90
2.59 613.90
2.59 613.90
2.59 613.90
2.59 613.90
2.59 613.90
2.59 613.90
2.59 613.90
2.59 613.90
2.60 615.38
2.60 615.38
2.60 615.38
2.60 615.38
2.60 615.38
2.60 615.38
2.60 615.38
2.60 615.38
2.60 615.38
2.60 615.38
2.60 615.38
2.61 616.86
2.61 616.86
2.61 616.86
2.61 616.86
2.61 616.86
2.61 616.86
2.61 616.86
2.61 616.86
2.61 616.86
2.61 616.86
2.61 616.86
2.62 618.32
2.62 618.32
2.62 618.32
2.62 618.32
2.62 618.32
2.62 618.32
2.62 618.32
2.62 618.32
2.62 618.32
2.62 618.32
2.62 618.32
2.63 619.77
2.63 619.77
2.63 619.77
2.63 619.77
2.63 619.77
2.63 619.77
2.63 619.77
2.63 619.77
2.63 619.77
2.63 619.77
2.63 619.77
2.64 621.21
2.64 621.21
2.64 621.21
2.64 621.21
2.64 621.21
2.64 621.21
2.64 621.21
2.64 621.21
2.64 621.21
2.64 621.21
2.64 621.21
2.65 622.64
2.65 622.64
2.65 622.64
2.65 622.64
2.65 622.64
2.65 622.64
2.65 622.64
2.65 622.64
2.65 622.64
2.65 622.64
2.65 622.64
2.66 624.06
2.66 624.06
2.66 624.06
2.66 624.06
2.66 624.06
2.66 624.06
2.66 624.06
2.66 624.06
2.66 624.06
2.66 624.06
2.66 624.06
2.67 625.47
2.67 625.47
2.67 625.47
2.67 625.47
2.67 625.47
2.67 625.47
2.67 625.47
2.67 625.47
2.67 625.47
2.67 625.47
2.67 625.47
2.68 626.87
2.68 626.87
2.68 626.87
2.68 626.87
2.68 626.87
2.68 626.87
2.68 626.87
2.68 626.87
2.68 626.87
2.68 626.87
2.68 626.87
2.69 628.25
2.69 628.25
2.69 628.25
2.69 628.25
2.69 628.25
2.69 628.25
2.69 628.25
2.69 628.25
2.69 628.25
2.69 628.25
2.69 628.25
2.70 629.63
2.70 629.63
2.70 629.63
2.70 629.63
2.70 629.63
2.70 629.63
2.70 629.63
2.70 629.63
2.70 629.63
2.70 629.63
2.70 629.63
2.71 631.00
2.71 631.00
2.71 631.00
2.71 631.00
2.71 631.00
2.71 631.00
2.71 631.00
2.71 631.00
2.71 631.00
2.71 631.00
2.71 631.00
2.72 632.35
2.72 632.35
2.72 632.35
2.72 632.35
2.72 632.35
2.72 632.35
2.72 632.35
2.72 632.35
2.72 632.35
2.72 632.35
2.72 632.35
2.73 633.70
2.73 633.70
2.73 633.70
2.73 633.70
2.73 633.70
2.73 633.70
2.73 633.70
2.73 633.70
2.73 633.70
2.73 633.70
2.73 633.70
2.74 635.04
2.74 635.04
2.74 635.04
2.74 635.04
2.74 635.04
2.74 635.04
2.74 635.04
2.74 635.04
2.74 635.04
2.74 635.04
2.74 635.04
2.75 636.36
2.75 636.36
2.75 636.36
2.75 636.36
2.75 636.36
2.75 636.36
2.75 636.36
2.75 636.36
2.75 636.36
2.75 636.36
2.75 636.36
2.76 637.68
2.76 637.68
2.76 637.68
2.76 637.68
2.76 637.68
2.76 637.68
2.76 637.68
2.76 637.68
2.76 637.68
2.76 637.68
2.76 637.68
2.77 638.99
2.77 638.99
2.77 638.99
2.77 638.99
2.77 638.99
2.77 638.99
2.77 638.99
2.77 638.99
2.77 638.99
2.77 638.99
2.77 638.99
2.78 640.29
2.78 640.29
2.78 640.29
2.78 640.29
2.78 640.29
2.78 640.29
2.78 640.29
2.78 640.29
2.78 640.29
2.78 640.29
2.78 640.29
2.79 641.58
2.79 641.58
2.79 641.58
2.79 641.58
2.79 641.58
2.79 641.58
2.79 641.58
2.79 641.58
2.79 641.58
2.79 641.58
2.79 641.58
2.80 642.86
2.80 642.86
2.80 642.86
2.80 642.86
2.80 642.86
2.80 642.86
2.80 642.86
2.80 642.86
2.80 642.86
2.80 642.86
2.80 642.86
2.81 644.13
2.81 644.13
2.81 644.13
2.81 644.13
2.81 644.13
2.81 644.13
2.81 644.13
2.81 644.13
2.81 644.13
2.81 644.13
2.81 644.13
2.82 645.39
2.82 645.39
2.82 645.39
2.82 645.39
2.82 645.39
2.82 645.39
2.82 645.39
2.82 645.39
2.82 645.39
2.82 645.39
2.82 645.39
2.83 646.64
2.83 646.64
2.83 646.64
2.83 646.64
2.83 646.64
2.83 646.64
2.83 646.64
2.83 646.64
2.83 646.64
2.83 646.64
2.83 646.64
2.84 647.89
2.84 647.89
2.84 647.89
2.84 647.89
2.84 647.89
2.84 647.89
2.84 647.89
2.84 647.89
2.84 647.89
2.84 647.89
2.84 647.89
2.85 649.12
2.85 649.12
2.85 649.12
2.85 649.12
2.85 649.12
2.85 649.12
2.85 649.12
2.85 649.12
2.85 649.12
2.85 649.12
2.85 649.12
2.86 650.35
2.86 650.35
2.86 650.35
2.86 650.35
2.86 650.35
2.86 650.35
2.86 650.35
2.86 650.35
2.86 650.35
2.86 650.35
2.86 650.35
2.87 651.57
2.87 651.57
2.87 651.57
2.87 651.57
2.87 651.57
2.87 651.57
2.87 651.57
2.87 651.57
2.87 651.57
2.87 651.57
2.87 651.57
2.88 652.78
2.88 652.78
2.88 652.78
2.88 652.78
2.88 652.78
2.88 652.78
2.88 652.78
2.88 652.78
2.88 652.78
2.88 652.78
2.88 652.78
2.89 653.98
2.89 653.98
2.89 653.98
2.89 653.98
2.89 653.98
2.89 653.98
2.89 653.98
2.89 653.98
2.89 653.98
2.89 653.98
2.89 653.98
2.90 655.17
2.90 655.17
2.90 655.17
2.90 655.17
2.90 655.17
2.90 655.17
2.90 655.17
2.90 655.17
2.90 655.17
2.90 655.17
2.90 655.17
2.91 656.36
2.91 656.36
2.91 656.36
2.91 656.36
2.91 656.36
2.91 656.36
2.91 656.36
2.91 656.36
2.91 656.36
2.91 656.36
2.91 656.36
2.92 657.53
2.92 657.53
2.92 657.53
2.92 657.53
2.92 657.53
2.92 657.53
2.92 657.53
2.92 657.53
2.92 657.53
2.92 657.53
2.92 657.53
2.93 658.70
2.93 658.70
2.93 658.70
2.93 658.70
2.93 658.70
2.93 658.70
2.93 658.70
2.93 658.70
2.93 658.70
2.93 658.70
2.93 658.70
2.94 659.86
2.94 659.86
2.94 659.86
2.94 659.86
2.94 659.86
2.94 659.86
2.94 659.86
2.94 659.86
2.94 659.86
2.94 659.86
2.94 659.86
2.95 661.02
2.95 661.02
2.95 661.02
2.95 661.02
2.95 661.02
2.95 661.02
2.95 661.02
2.95 661.02
2.95 661.02
2.95 661.02
2.95 661.02
2.96 662.16
2.96 662.16
2.96 662.16
2.96 662.16
2.96 662.16
2.96 662.16
2.96 662.16
2.96 662.16
2.96 662.16
2.96 662.16
2.96 662.16
2.97 663.30
2.97 663.30
2.97 663.30
2.97 663.30
2.97 663.30
2.97 663.30
2.97 663.30
2.97 663.30
2.97 663.30
2.97 663.30
2.97 663.30
2.98 664.43
2.98 664.43
2.98 664.43
2.98 664.43
2.98 664.43
2.98 664.43
2.98 664.43
2.98 664.43
2.98 664.43
2.98 664.43
2.98 664.43
2.99 665.56
2.99 665.55
2.99 665.56
2.99 665.55
2.99 665.56
2.99 665.55
2.99 665.56
2.99 665.55
2.99 665.56
2.99 665.55
2.99 665.56
3.00 669.02
3.00 664.30
3.00 669.02
3.00 664.30
3.00 669.02
3.00 664.30
3.00 669.02
3.00 664.30
3.00 669.02
3.00 664.30
3.00 669.02
3.01 699.38
3.01 632.85
3.01 699.38
3.01 632.85
3.01 699.38
3.01 632.85
3.01 699.38
3.01 632.85
3.01 699.38
3.01 632.85
3.01 699.38
3.02 712.51
3.02 618.62
3.02 712.51
3.02 618.62
3.02 712.51
3.02 618.62
3.02 712.51
3.02 618.62
3.02 712.51
3.02 618.62
3.02 712.51
3.03 722.39
3.03 607.64
3.03 722.39
3.03 607.64
3.03 722.39
3.03 607.64
3.03 722.39
3.03 607.64
3.03 722.39
3.03 607.64
3.03 722.39
3.04 730.59
3.04 598.36
3.04 730.59
3.04 598.36
3.04 730.59
3.04 598.36
3.04 730.59
3.04 598.36
3.04 730.59
3.04 598.36
3.04 730.59
3.05 737.71
3.05 590.16
3.05 737.71
3.05 590.16
3.05 737.71
3.05 590.16
3.05 737.71
3.05 590.16
3.05 737.71
3.05 590.16
3.05 737.71
3.06 744.05
3.06 582.75
3.06 744.05
3.06 582.75
3.06 744.05
3.06 582.75
3.06 744.05
3.06 582.75
3.06 744.05
3.06 582.75
3.06 744.05
3.07 749.80
3.07 575.93
3.07 749.80
3.07 575.93
3.07 749.80
3.07 575.93
3.07 749.80
3.07 575.93
3.07 749.80
3.07 575.93
3.07 749.80
3.08 755.08
3.08 569.59
3.08 755.08
3.08 569.59
3.08 755.08
3.08 569.59
3.08 755.08
3.08 569.59
3.08 755.08
3.08 569.59
3.08 755.08
3.09 759.99
3.09 563.64
3.09 759.99
3.09 563.64
3.09 759.99
3.09 563.64
3.09 759.99
3.09 563.64
3.09 759.99
3.09 563.64
3.09 759.99
3.10 764.57
3.10 558.01
3.10 764.57
3.10 558.01
3.10 764.57
3.10 558.01
3.10 764.57
3.10 558.01
3.10 764.57
3.10 558.01
3.10 764.57
3.11 768.87
3.11 552.67
3.11 768.87
3.11 552.67
3.11 768.87
3.11 552.67
3.11 768.87
3.11 552.67
3.11 768.87
3.11 552.67
3.11 768.87
3.12 772.94
3.12 547.57
3.12 772.94
3.12 547.57
3.12 772.94
3.12 547.57
3.12 772.94
3.12 547.57
3.12 772.94
3.12 547.57
3.12 772.94
3.13 776.79
3.13 542.69
3.13 776.79
3.13 542.69
3.13 776.79
3.13 542.69
3.13 776.79
3.13 542.69
3.13 776.79
3.13 542.69
3.13 776.79
3.14 780.46
3.14 538.01
3.14 780.46
3.14 538.01
3.14 780.46
3.14 538.01
3.14 780.46
3.14 538.01
3.14 780.46
3.14 538.01
3.14 780.46
3.15 783.97
3.15 533.49
3.15 783.97
3.15 533.49
3.15 783.97
3.15 533.49
3.15 783.97
3.15 533.49
3.15 783.97
3.15 533.49
3.15 783.97
3.16 787.32
3.16 529.14
3.16 787.32
3.16 529.14
3.16 787.32
3.16 529.14
3.16 787.32
3.16 529.14
3.16 787.32
3.16 529.14
3.16 787.32
3.17 790.53
3.17 524.93
3.17 790.53
3.17 524.93
3.17 790.53
3.17 524.93
3.17 790.53
3.17 524.93
3.17 790.53
3.17 524.93
3.17 790.53
3.18 793.62
3.18 520.85
3.18 793.62
3.18 520.85
3.18 793.62
3.18 520.85
3.18 793.62
3.18 520.85
3.18 793.62
3.18 520.85
3.18 793.62
3.19 796.59
3.19 516.89
3.19 796.59
3.19 516.89
3.19 796.59
3.19 516.89
3.19 796.59
3.19 516.89
3.19 796.59
3.19 516.89
3.19 796.59
3.20 799.46
3.20 513.04
3.20 799.46
3.20 513.04
3.20 799.46
3.20 513.04
3.20 799.46
3.20 513.04
3.20 799.46
3.20 513.04
3.20 799.46
3.21 802.22
3.21 509.30
3.21 802.22
3.21 509.30
3.21 802.22
3.21 509.30
3.21 802.22
3.21 509.30
3.21 802.22
3.21 509.30
3.21 802.22
3.22 804.90
3.22 505.66
3.22 804.90
3.22 505.66
3.22 804.90
3.22 505.66
3.22 804.90
3.22 505.66
3.22 804.90
3.22 505.66
3.22 804.90
3.23 807.49
3.23 502.11
3.23 807.49
3.23 502.11
3.23 807.49
3.23 502.11
3.23 807.49
3.23 502.11
3.23 807.49
3.23 502.11
3.23 807.49
3.24 809.99
3.24 498.65
3.24 809.99
3.24 498.65
3.24 809.99
3.24 498.65
3.24 809.99
3.24 498.65
3.24 809.99
3.24 498.65
3.24 809.99
3.25 812.43
3.25 495.27
3.25 812.43
3.25 495.27
3.25 812.43
3.25 495.27
3.25 812.43
3.25 495.27
3.25 812.43
3.25 495.27
3.25 812.43
3.26 814.79
3.26 491.96
3.26 814.79
3.26 491.96
3.26 814.79
3.26 491.96
3.26 814.79
3.26 491.96
3.26 814.79
3.26 491.96
3.26 814.79
3.27 817.08
3.27 488.73
3.27 817.08
3.27 488.73
3.27 817.08
3.27 488.73
3.27 817.08
3.27 488.73
3.27 817.08
3.27 488.73
3.27 817.08
3.28 819.32
3.28 485.56
3.28 819.32
3.28 485.56
3.28 819.32
3.28 485.56
3.28 819.32
3.28 485.56
3.28 819.32
3.28 485.56
3.28 819.32
3.29 482.46
3.29 821.49
3.29 482.46
3.29 821.49
3.29 482.46
3.29 821.49
3.29 482.46
3.29 821.49
3.29 482.46
3.29 821.49
3.29 482.46
3.30 479.43
3.30 823.60
3.30 479.43
3.30 823.60
3.30 479.43
3.30 823.60
3.30 479.43
3.30 823.60
3.30 479.43
3.30 823.60
3.30 479.43
3.31 476.45
3.31 825.66
3.31 476.45
3.31 825.66
3.31 476.45
3.31 825.66
3.31 476.45
3.31 825.66
3.31 476.45
3.31 825.66
3.31 476.45
3.32 473.53
3.32 827.67
3.32 473.53
3.32 827.67
3.32 473.53
3.32 827.67
3.32 473.53
3.32 827.67
3.32 473.53
3.32 827.67
3.32 473.53
3.33 470.67
3.33 829.63
3.33 470.67
3.33 829.63
3.33 470.67
3.33 829.63
3.33 470.67
3.33 829.63
3.33 470.67
3.33 829.63
3.33 470.67
3.34 467.85
3.34 831.55
3.34 467.85
3.34 831.55
3.34 467.85
3.34 831.55
3.34 467.85
3.34 831.55
3.34 467.85
3.34 831.55
3.34 467.85
3.35 465.09
3.35 833.42
3.35 465.09
3.35 833.42
3.35 465.09
3.35 833.42
3.35 465.09
3.35 833.42
3.35 465.09
3.35 833.42
3.35 465.09
3.36 462.38
3.36 835.24
3.36 462.38
3.36 835.24
3.36 462.38
3.36 835.24
3.36 462.38
3.36 835.24
3.36 462.38
3.36 835.24
3.36 462.38
3.37 459.71
3.37 837.03
3.37 459.71
3.37 837.03
3.37 459.71
3.37 837.03
3.37 459.71
3.37 837.03
3.37 459.71
3.37 837.03
3.37 459.71
3.38 457.08
3.38 838.77
3.38 457.08
3.38 838.77
3.38 457.08
3.38 838.77
3.38 457.08
3.38 838.77
3.38 457.08
3.38 838.77
3.38 457.08
3.39 454.50
3.39 840.48
3.39 454.50
3.39 840.48
3.39 454.50
3.39 840.48
3.39 454.50
3.39 840.48
3.39 454.50
3.39 840.48
3.39 454.50
3.40 451.96
3.40 842.15
3.40 451.96
3.40 842.15
3.40 451.96
3.40 842.15
3.40 451.96
3.40 842.15
3.40 451.96
3.40 842.15
3.40 451.96
3.41 449.46
3.41 843.79
3.41 449.46
3.41 843.79
3.41 449.46
3.41 843.79
3.41 449.46
3.41 843.79
3.41 449.46
3.41 843.79
3.41 449.46
3.42 447.00
3.42 845.39
3.42 447.00
3.42 845.39
3.42 447.00
3.42 845.39
3.42 447.00
3.42 845.39
3.42 447.00
3.42 845.39
3.42 447.00
3.43 444.58
3.43 846.97
3.43 444.58
3.43 846.96
3.43 444.58
3.43 846.97
3.43 444.58
3.43 846.96
3.43 444.58
3.43 846.97
3.43 444.58
3.44 442.20
3.44 848.51
3.44 442.19
3.44 848.50
3.44 442.20
3.44 848.51
3.44 442.19
3.44 848.50
3.44 442.20
3.44 848.51
3.44 442.19
3.45 446.00
3.45 852.44
3.45 433.96
3.45 847.45
3.45 446.00
3.45 852.44
3.45 433.96
3.45 847.45
3.45 446.00
3.45 852.44
3.45 433.96
3.46 467.49
3.46 861.34
3.46 413.23
3.46 838.95
3.46 467.49
3.46 861.34
3.46 413.23
3.46 838.95
3.46 467.49
3.46 861.34
3.46 413.23
3.47 478.56
3.47 865.91
3.47 402.91
3.47 834.79
3.47 478.56
3.47 865.91
3.47 402.91
3.47 834.79
3.47 478.56
3.47 865.91
3.47 402.91
3.48 395.06
3.48 831.68
3.48 487.16
3.48 869.43
3.48 395.06
3.48 831.68
3.48 487.16
3.48 869.43
3.48 395.06
3.48 831.68
3.48 487.16
3.49 388.52
3.49 829.13
3.49 494.45
3.49 872.39
3.49 388.52
3.49 829.13
3.49 494.45
3.49 872.39
3.49 388.52
3.49 829.13
3.49 494.45
3.50 382.82
3.50 826.94
3.50 500.88
3.50 875.00
3.50 382.82
3.50 826.94
3.50 500.88
3.50 875.00
3.50 382.82
3.50 826.94
3.50 500.88
3.51 377.72
3.51 825.02
3.51 506.71
3.51 877.34
3.51 377.72
3.51 825.02
3.51 506.71
3.51 877.34
3.51 377.72
3.51 825.02
3.51 506.71
3.52 373.08
3.52 823.30
3.52 512.08
3.52 879.49
3.52 373.08
3.52 823.30
3.52 512.08
3.52 879.49
3.52 373.08
3.52 823.30
3.52 512.08
3.53 368.81
3.53 821.75
3.53 517.07
3.53 881.47
3.53 368.81
3.53 821.75
3.53 517.07
3.53 881.47
3.53 368.81
3.53 821.75
3.53 517.07
3.54 364.84
3.54 820.33
3.54 521.76
3.54 883.32
3.54 364.84
3.54 820.33
3.54 521.75
3.54 883.32
3.54 364.84
3.54 820.33
3.54 521.76
3.55 354.80
3.55 812.66
3.55 540.48
3.55 881.68
3.55 370.33
3.55 827.81
3.55 506.03
3.55 887.37
3.55 354.80
3.55 812.66
3.55 540.48
3.56 348.82
3.56 808.64
3.56 550.88
3.56 880.78
3.56 373.81
3.56 833.31
3.56 494.49
3.56 889.89
3.56 348.82
3.56 808.64
3.56 550.88
3.57 343.05
3.57 804.56
3.57 561.36
3.57 879.06
3.57 379.54
3.57 840.70
3.57 478.11
3.57 890.79
3.57 347.30
3.57 809.26
3.57 551.06
3.58 369.33
3.58 833.87
3.58 495.93
3.58 894.94
3.58 336.60
3.58 799.41
3.58 574.06
3.58 875.36
3.58 390.58
3.58 852.14
3.58 451.07
3.59 345.22
3.59 811.49
3.59 549.17
3.59 888.82
3.59 354.75
3.59 821.76
3.59 525.82
3.59 895.11
3.59 337.07
3.59 802.20
3.59 569.65
3.60 325.16
3.60 789.95
3.60 597.34
3.60 865.89
3.60 418.06
3.60 875.83
3.60 391.52
3.60 857.63
3.60 439.56
3.60 886.85
3.60 361.25
3.61 507.45
3.61 902.30
3.61 318.24
3.61 783.24
3.61 612.89
3.61 856.49
3.61 443.72
3.61 891.07
3.61 350.42
3.61 821.72
3.61 528.84
3.62 320.68
3.62 788.60
3.62 603.49
3.62 866.23
3.62 419.48
3.62 881.53
3.62 378.05
3.62 851.17
3.62 458.59
3.62 898.79
3.62 329.29
3.63 305.09
3.63 769.60
3.63 643.65
3.63 832.59
3.63 505.95
3.63 907.37
3.63 305.10
3.63 769.61
3.63 643.64
3.63 832.60
3.63 505.94
3.64 431.18
3.64 892.76
3.64 348.49
3.64 826.45
3.64 522.09
3.64 908.22
3.64 303.41
3.64 769.32
3.64 645.98
3.64 832.43
3.64 507.75
3.65 327.87
3.65 804.36
3.65 574.39
3.65 892.30
3.65 350.76
3.65 831.20
3.65 512.11
3.65 911.96
3.65 293.04
3.65 756.16
3.65 672.99
3.66 574.42
3.66 894.73
3.66 344.73
3.66 826.76
3.66 524.22
3.66 912.85
3.66 291.16
3.66 755.37
3.66 676.31
3.66 801.23
3.66 582.90
3.67 417.19
3.67 892.33
3.67 352.60
3.67 837.76
3.67 498.82
3.67 917.49
3.67 277.81
3.67 736.32
3.67 712.54
3.67 751.71
3.67 684.97
3.68 300.93
3.68 774.16
3.68 643.40
3.68 844.33
3.68 483.70
3.68 919.02
3.68 273.87
3.68 731.82
3.68 722.23
3.68 738.25
3.68 711.11
3.69 347.99
3.69 837.23
3.69 502.86
3.69 922.47
3.69 263.91
3.69 716.82
3.69 749.03
3.69 693.66
3.69 784.12
3.69 624.64
3.69 865.18
3.70 483.65
3.70 924.01
3.70 259.80
3.70 711.52
3.70 759.46
3.70 675.91
3.70 810.50
3.70 568.27
3.70 907.75
3.70 309.83
3.70 791.19
3.71 898.97
3.71 336.95
3.71 828.87
3.71 526.25
3.71 924.94
3.71 257.56
3.71 709.43
3.71 764.77
3.71 667.41
3.71 823.52
3.71 539.19
3.72 705.81
3.72 772.43
3.72 653.91
3.72 841.88
3.72 495.19
3.72 929.91
3.72 242.45
3.72 683.24
3.72 805.10
3.72 583.73
3.72 903.92
3.73 829.34
3.73 527.92
3.73 929.59
3.73 244.13
3.73 688.30
3.73 800.24
3.73 596.26
3.73 897.94
3.73 341.83
3.73 839.19
3.73 503.38
3.74 842.54
3.74 496.18
3.74 934.95
3.74 227.48
3.74 657.23
3.74 842.54
3.74 496.18
3.74 934.95
3.74 227.48
3.74 657.23
3.74 842.54
3.75 603.82
3.75 897.08
3.75 346.23
3.75 848.83
3.75 481.18
3.75 936.17
3.75 224.08
3.75 652.00
3.75 850.86
3.75 475.86
3.75 935.32
3.76 770.06
3.76 665.78
3.76 836.67
3.76 513.82
3.76 939.28
3.76 214.44
3.76 633.39
3.76 873.10
3.76 416.60
3.76 913.84
3.76 296.03
3.77 632.74
3.77 876.07
3.77 409.31
3.77 911.49
3.77 304.15
3.77 797.89
3.77 607.95
3.77 898.57
3.77 343.62
3.77 850.30
3.77 479.87
3.78 755.11
3.78 699.00
3.78 795.31
3.78 615.36
3.78 894.69
3.78 356.14
3.78 866.77
3.78 436.52
3.78 929.77
3.78 246.84
3.78 702.73
3.79 841.35
3.79 505.88
3.79 947.37
3.79 188.97
3.79 580.86
3.79 922.72
3.79 270.27
3.79 747.47
3.79 715.39
3.79 771.67
3.79 667.79
3.80 552.28
3.80 939.61
3.80 215.61
3.80 642.67
3.80 872.65
3.80 422.31
3.80 927.06
3.80 256.94
3.80 725.50
3.80 756.77
3.80 699.47
3.81 370.66
3.81 888.76
3.81 376.68
3.81 894.56
3.81 359.38
3.81 877.16
3.81 410.53
3.81 922.00
3.81 274.01
3.81 757.91
3.81 699.07
3.82 773.55
3.82 669.16
3.82 845.69
3.82 498.51
3.82 954.99
3.82 164.19
3.82 524.24
3.82 952.76
3.82 171.94
3.82 543.89
3.82 947.64
3.83 957.42
3.83 156.15
3.83 504.67
3.83 957.42
3.83 156.15
3.83 504.67
3.83 957.42
3.83 156.15
3.83 504.67
3.83 957.42
3.83 156.15
3.84 488.00
3.84 959.45
3.84 149.41
3.84 488.00
3.84 959.45
3.84 149.41
3.84 488.00
3.84 959.45
3.84 149.41
3.84 488.00
3.84 959.45
3.85 462.22
3.85 957.00
3.85 158.42
3.85 513.29
3.85 961.82
3.85 141.38
3.85 467.36
3.85 958.40
3.85 153.50
3.85 500.27
3.85 962.50
3.86 954.76
3.86 166.71
3.86 536.22
3.86 959.94
3.86 148.45
3.86 487.96
3.86 964.44
3.86 132.38
3.86 443.34
3.86 952.61
3.86 174.26
3.87 966.29
3.87 126.05
3.87 426.33
3.87 946.50
3.87 195.97
3.87 609.79
3.87 920.86
3.87 282.05
3.87 783.66
3.87 656.10
3.87 873.20
3.88 946.21
3.88 197.47
3.88 614.89
3.88 918.78
3.88 289.53
3.88 798.12
3.88 625.15
3.88 909.23
3.88 320.23
3.88 844.60
3.88 509.24
3.89 969.82
3.89 113.86
3.89 392.48
3.89 927.53
3.89 261.47
3.89 751.17
3.89 727.10
3.89 771.87
3.89 684.97
3.89 839.41
3.89 524.38
3.90 248.30
3.90 727.93
3.90 772.38
3.90 685.65
3.90 840.59
3.90 522.60
3.90 973.01
3.90 102.43
3.90 358.56
3.90 896.98
3.90 360.40
3.91 86.45
3.91 308.80
3.91 834.55
3.91 539.87
3.91 971.28
3.91 109.05
3.91 379.89
3.91 921.10
3.91 284.17
3.91 795.36
3.91 636.41
3.92 728.26
3.92 775.75
3.92 681.92
3.92 850.26
3.92 499.08
3.92 980.00
3.92 76.84
3.92 278.08
3.92 786.95
3.92 657.22
3.92 883.10
3.93 952.40
3.93 178.17
3.93 575.45
3.93 960.13
3.93 150.45
3.93 502.31
3.93 982.48
3.93 67.65
3.93 247.88
3.93 732.70
3.93 769.70
3.94 968.07
3.94 121.79
3.94 421.40
3.94 960.66
3.94 148.91
3.94 499.33
3.94 985.00
3.94 58.22
3.94 216.03
3.94 667.29
3.94 874.74
3.95 187.68
3.95 602.21
3.95 946.24
3.95 200.94
3.95 634.23
3.95 916.33
3.95 302.85
3.95 833.96
3.95 546.95
3.95 978.79
3.95 81.99
3.96 39.99
3.96 152.01
3.96 510.46
3.96 989.57
3.96 40.88
3.96 155.28
3.96 519.43
3.96 988.50
3.96 45.00
3.96 170.18
3.96 559.22
3.97 484.37
3.97 991.53
3.97 33.34
3.97 127.94
3.97 442.95
3.97 979.58
3.97 79.41
3.97 290.24
3.97 817.82
3.97 591.49
3.97 959.27
3.98 388.03
3.98 945.10
3.98 206.49
3.98 652.14
3.98 902.88
3.98 349.00
3.98 904.25
3.98 344.59
3.98 898.88
3.98 361.77
3.98 918.95
3.99 912.24
3.99 319.42
3.99 867.38
3.99 458.97
3.99 990.78
3.99 36.44
3.99 140.11
3.99 480.71
3.99 996.01
3.99 15.84
3.99 62.19
4.00 0.00
4.00 0.00
4.00 0.00
4.00 0.00
4.00 0.00
4.00 0.00
4.00 0.00
4.00 0.00
4.00 0.00
4.00 0.00
4.00 0.00
